%YAML:1.0
Template 0:
   ID: 0
   R: !!opencv-matrix
      rows: 3
      cols: 3
      dt: d
      data: [ -1.6248342912697414e-01, -1.8856359351001040e-02,
          9.8653108059055372e-01, -9.7995422338374416e-01,
          -1.1372463692414406e-01, -1.6357391915838695e-01,
          1.1527729755464636e-01, -9.9333335022463520e-01, 0. ]
   T: !!opencv-matrix
      rows: 3
      cols: 1
      dt: d
      data: [ -4.6110920608043671e-02, 3.9733335375785828e-01, 0. ]
   K: !!opencv-matrix
      rows: 3
      cols: 3
      dt: f
      data: [ 5.37318848e+02, 0., 8.85000000e+01, 0., 5.37318848e+02,
          57., 0., 0., 1. ]
   D: 3.4000009298324585e-02
   Ori_dist: 4.0000000596046448e-01
Template 1:
   ID: 1
   R: !!opencv-matrix
      rows: 3
      cols: 3
      dt: d
      data: [ -3.3018206261941252e-01, -3.8317948220682747e-02,
          9.4313919458823658e-01, -9.3685161588849697e-01,
          -1.0872253756999764e-01, -3.3239804396454048e-01,
          1.1527729755464634e-01, -9.9333335022463509e-01, 0. ]
   T: !!opencv-matrix
      rows: 3
      cols: 1
      dt: d
      data: [ -4.6110920608043671e-02, 3.9733335375785828e-01, 0. ]
   K: !!opencv-matrix
      rows: 3
      cols: 3
      dt: f
      data: [ 5.37318848e+02, 0., 9.05000000e+01, 0., 5.37318848e+02,
          6.65000000e+01, 0., 0., 1. ]
   D: 3.4000009298324585e-02
   Ori_dist: 4.0000000596046448e-01
Template 2:
   ID: 2
   R: !!opencv-matrix
      rows: 3
      cols: 3
      dt: d
      data: [ -4.8784834135227945e-01, -5.6615272601981619e-02,
          8.7109052729784253e-01, -8.6528327182970977e-01,
          -1.0041696191234717e-01, -4.9112248294286714e-01,
          1.1527729755464634e-01, -9.9333335022463509e-01,
          6.9388939039072284e-18 ]
   T: !!opencv-matrix
      rows: 3
      cols: 1
      dt: d
      data: [ -4.6110920608043671e-02, 3.9733335375785828e-01, 0. ]
   K: !!opencv-matrix
      rows: 3
      cols: 3
      dt: f
      data: [ 5.37318848e+02, 0., 8.95000000e+01, 0., 5.37318848e+02,
          74., 0., 0., 1. ]
   D: 3.4000009298324585e-02
   Ori_dist: 4.0000000596046448e-01
Template 3:
   ID: 3
   R: !!opencv-matrix
      rows: 3
      cols: 3
      dt: d
      data: [ -6.3069172845090116e-01, -7.3192386049906785e-02,
          7.7257415067288926e-01, -7.6742366938485318e-01,
          -8.9060260250146850e-02, -6.3492454804650911e-01,
          1.1527729755464637e-01, -9.9333335022463531e-01, 0. ]
   T: !!opencv-matrix
      rows: 3
      cols: 1
      dt: d
      data: [ -4.6110920608043671e-02, 3.9733335375785828e-01, 0. ]
   K: !!opencv-matrix
      rows: 3
      cols: 3
      dt: f
      data: [ 5.37318848e+02, 0., 87., 0., 5.37318848e+02,
          8.05000000e+01, 0., 0., 1. ]
   D: 3.4000009298324585e-02
   Ori_dist: 4.0000000596046448e-01
Template 4:
   ID: 4
   R: !!opencv-matrix
      rows: 3
      cols: 3
      dt: d
      data: [ -7.5437175819296698e-01, -8.7545573312691624e-02,
          6.5058360187926956e-01, -6.4624638885594499e-01,
          -7.4997519458010128e-02, -7.5943464298502750e-01,
          1.1527729755464636e-01, -9.9333335022463509e-01,
          6.9388939039072284e-18 ]
   T: !!opencv-matrix
      rows: 3
      cols: 1
      dt: d
      data: [ -4.6110920608043671e-02, 3.9733335375785828e-01, 0. ]
   K: !!opencv-matrix
      rows: 3
      cols: 3
      dt: f
      data: [ 5.37318848e+02, 0., 8.15000000e+01, 0., 5.37318848e+02,
          8.65000000e+01, 0., 0., 1. ]
   D: 3.4000009298324585e-02
   Ori_dist: 4.0000000596046448e-01
Template 5:
   ID: 5
   R: !!opencv-matrix
      rows: 3
      cols: 3
      dt: d
      data: [ -8.5513068803004455e-01, -9.9238744727393274e-02,
          5.0882529215261485e-01, -5.0543313213298569e-01,
          -5.8656004606806839e-02, -8.6086980552567072e-01,
          1.1527729755464634e-01, -9.9333335022463509e-01,
          -6.9388939039072284e-18 ]
   T: !!opencv-matrix
      rows: 3
      cols: 1
      dt: d
      data: [ -4.6110920608043671e-02, 3.9733335375785828e-01, 0. ]
   K: !!opencv-matrix
      rows: 3
      cols: 3
      dt: f
      data: [ 5.37318848e+02, 0., 75., 0., 5.37318848e+02,
          8.95000000e+01, 0., 0., 1. ]
   D: 3.4000009298324585e-02
   Ori_dist: 4.0000000596046448e-01
Template 6:
   ID: 6
   R: !!opencv-matrix
      rows: 3
      cols: 3
      dt: d
      data: [ -9.2990691772280731e-01, -1.0791659862040698e-01,
          3.5160650180773101e-01, -3.4926246440143771e-01,
          -4.0532247331038114e-02, -9.3614788782891045e-01,
          1.1527729755464636e-01, -9.9333335022463509e-01, 0. ]
   T: !!opencv-matrix
      rows: 3
      cols: 1
      dt: d
      data: [ -4.6110920608043671e-02, 3.9733335375785828e-01, 0. ]
   K: !!opencv-matrix
      rows: 3
      cols: 3
      dt: f
      data: [ 5.37318848e+02, 0., 6.75000000e+01, 0., 5.37318848e+02,
          9.05000000e+01, 0., 0., 1. ]
   D: 3.4000009298324585e-02
   Ori_dist: 4.0000000596046448e-01
Template 7:
   ID: 7
   R: !!opencv-matrix
      rows: 3
      cols: 3
      dt: d
      data: [ -9.7642834894834862e-01, -1.1331545578033417e-01,
          1.8370434630486268e-01, -1.8247965376583580e-01,
          -2.1176940591067450e-02, -9.8298154262870208e-01,
          1.1527729755464633e-01, -9.9333335022463509e-01, 0. ]
   T: !!opencv-matrix
      rows: 3
      cols: 1
      dt: d
      data: [ -4.6110920608043671e-02, 3.9733335375785828e-01, 0. ]
   K: !!opencv-matrix
      rows: 3
      cols: 3
      dt: f
      data: [ 5.37318848e+02, 0., 5.85000000e+01, 0., 5.37318848e+02,
          8.95000000e+01, 0., 0., 1. ]
   D: 3.4000009298324585e-02
   Ori_dist: 4.0000000596046448e-01
Template 8:
   ID: 8
   R: !!opencv-matrix
      rows: 3
      cols: 3
      dt: d
      data: [ -9.9328146881349266e-01, -1.1527127666662475e-01,
          1.0220395655612309e-02, -1.0152259857210679e-02,
          -1.1781795911182348e-03, -9.9994777039235538e-01,
          1.1527729755464636e-01, -9.9333335022463520e-01, 0. ]
   T: !!opencv-matrix
      rows: 3
      cols: 1
      dt: d
      data: [ -4.6110920608043671e-02, 3.9733335375785828e-01, 0. ]
   K: !!opencv-matrix
      rows: 3
      cols: 3
      dt: f
      data: [ 5.37318848e+02, 0., 47., 0., 5.37318848e+02,
          8.75000000e+01, 0., 0., 1. ]
   D: 3.4000009298324585e-02
   Ori_dist: 4.0000000596046448e-01
Template 9:
   ID: 9
   R: !!opencv-matrix
      rows: 3
      cols: 3
      dt: d
      data: [ -9.7995419301005704e-01, -1.1372463339924822e-01,
          -1.6357410357454005e-01, 1.6248361231368932e-01,
          1.8856380609996795e-02, -9.8653105001301677e-01,
          1.1527729755464633e-01, -9.9333335022463498e-01,
          -3.4694469519536134e-18 ]
   T: !!opencv-matrix
      rows: 3
      cols: 1
      dt: d
      data: [ -4.6110920608043671e-02, 3.9733335375785828e-01, 0. ]
   K: !!opencv-matrix
      rows: 3
      cols: 3
      dt: f
      data: [ 5.37318848e+02, 0., 57., 0., 5.37318848e+02,
          8.85000000e+01, 0., 0., 1. ]
   D: 3.4000009298324585e-02
   Ori_dist: 4.0000000596046448e-01
Template 10:
   ID: 10
   R: !!opencv-matrix
      rows: 3
      cols: 3
      dt: d
      data: [ -9.3685147014960113e-01, -1.0872252065685759e-01,
          -3.3239846025598574e-01, 3.3018247613558849e-01,
          3.8317996209635545e-02, -9.4313904787122971e-01,
          1.1527729755464633e-01, -9.9333335022463509e-01, 0. ]
   T: !!opencv-matrix
      rows: 3
      cols: 1
      dt: d
      data: [ -4.6110920608043671e-02, 3.9733335375785828e-01, 0. ]
   K: !!opencv-matrix
      rows: 3
      cols: 3
      dt: f
      data: [ 5.37318848e+02, 0., 6.65000000e+01, 0., 5.37318848e+02,
          9.05000000e+01, 0., 0., 1. ]
   D: 3.4000009298324585e-02
   Ori_dist: 4.0000000596046448e-01
Template 11:
   ID: 11
   R: !!opencv-matrix
      rows: 3
      cols: 3
      dt: d
      data: [ -8.6528296419857575e-01, -1.0041692621145605e-01,
          -4.9112303224138154e-01, 4.8784888698881301e-01,
          5.6615335923629911e-02, -8.7109021760207517e-01,
          1.1527729755464633e-01, -9.9333335022463509e-01,
          -6.9388939039072268e-18 ]
   T: !!opencv-matrix
      rows: 3
      cols: 1
      dt: d
      data: [ -4.6110920608043671e-02, 3.9733335375785828e-01, 0. ]
   K: !!opencv-matrix
      rows: 3
      cols: 3
      dt: f
      data: [ 5.37318848e+02, 0., 74., 0., 5.37318848e+02,
          8.95000000e+01, 0., 0., 1. ]
   D: 3.4000009298324585e-02
   Ori_dist: 4.0000000596046448e-01
Template 12:
   ID: 12
   R: !!opencv-matrix
      rows: 3
      cols: 3
      dt: d
      data: [ -7.6742329940965293e-01, -8.9060217314166454e-02,
          -6.3492500125223883e-01, 6.3069217863526694e-01,
          7.3192438294238521e-02, -7.7257377821464035e-01,
          1.1527729755464633e-01, -9.9333335022463498e-01, 0. ]
   T: !!opencv-matrix
      rows: 3
      cols: 1
      dt: d
      data: [ -4.6110920608043671e-02, 3.9733335375785828e-01, 0. ]
   K: !!opencv-matrix
      rows: 3
      cols: 3
      dt: f
      data: [ 5.37318848e+02, 0., 8.05000000e+01, 0., 5.37318848e+02,
          8.65000000e+01, 0., 0., 1. ]
   D: 3.4000009298324585e-02
   Ori_dist: 4.0000000596046448e-01
Template 13:
   ID: 13
   R: !!opencv-matrix
      rows: 3
      cols: 3
      dt: d
      data: [ -6.4624585833463621e-01, -7.4997457890498317e-02,
          -7.5943510051570040e-01, 7.5437221267344345e-01,
          8.7545626055591172e-02, -6.5058306779742425e-01,
          1.1527729755464634e-01, -9.9333335022463509e-01, 0. ]
   T: !!opencv-matrix
      rows: 3
      cols: 1
      dt: d
      data: [ -4.6110920608043671e-02, 3.9733335375785828e-01, 0. ]
   K: !!opencv-matrix
      rows: 3
      cols: 3
      dt: f
      data: [ 5.37318848e+02, 0., 8.65000000e+01, 0., 5.37318848e+02,
          8.15000000e+01, 0., 0., 1. ]
   D: 3.4000009298324585e-02
   Ori_dist: 4.0000000596046448e-01
Template 14:
   ID: 14
   R: !!opencv-matrix
      rows: 3
      cols: 3
      dt: d
      data: [ -5.0543253747562000e-01, -5.8655935596243505e-02,
          -8.6087015936219169e-01, 8.5513103950766134e-01,
          9.9238785516711184e-02, -5.0882469350427040e-01,
          1.1527729755464633e-01, -9.9333335022463509e-01,
          6.9388939039072284e-18 ]
   T: !!opencv-matrix
      rows: 3
      cols: 1
      dt: d
      data: [ -4.6110920608043671e-02, 3.9733335375785828e-01, 0. ]
   K: !!opencv-matrix
      rows: 3
      cols: 3
      dt: f
      data: [ 5.37318848e+02, 0., 8.95000000e+01, 0., 5.37318848e+02,
          75., 0., 0., 1. ]
   D: 3.4000009298324585e-02
   Ori_dist: 4.0000000596046448e-01
Template 15:
   ID: 15
   R: !!opencv-matrix
      rows: 3
      cols: 3
      dt: d
      data: [ -3.4926206892863482e-01, -4.0532201436036232e-02,
          -9.3614803736077878e-01, 9.2990706625779918e-01,
          1.0791661585803666e-01, -3.5160610368075507e-01,
          1.1527729755464634e-01, -9.9333335022463509e-01, 0. ]
   T: !!opencv-matrix
      rows: 3
      cols: 1
      dt: d
      data: [ -4.6110920608043671e-02, 3.9733335375785828e-01, 0. ]
   K: !!opencv-matrix
      rows: 3
      cols: 3
      dt: f
      data: [ 5.37318848e+02, 0., 9.05000000e+01, 0., 5.37318848e+02,
          6.75000000e+01, 0., 0., 1. ]
   D: 3.4000009298324585e-02
   Ori_dist: 4.0000000596046448e-01
Template 16:
   ID: 16
   R: !!opencv-matrix
      rows: 3
      cols: 3
      dt: d
      data: [ -1.8247948554199947e-01, -2.1176921068528282e-02,
          -9.8298157427816746e-01, 9.7642838038681801e-01,
          1.1331545942879899e-01, -1.8370417695201019e-01,
          1.1527729755464633e-01, -9.9333335022463509e-01,
          3.4694469519536134e-18 ]
   T: !!opencv-matrix
      rows: 3
      cols: 1
      dt: d
      data: [ -4.6110920608043671e-02, 3.9733335375785828e-01, 0. ]
   K: !!opencv-matrix
      rows: 3
      cols: 3
      dt: f
      data: [ 5.37318848e+02, 0., 8.95000000e+01, 0., 5.37318848e+02,
          58., 0., 0., 1. ]
   D: 3.4000009298324585e-02
   Ori_dist: 4.0000000596046448e-01
Template 17:
   ID: 17
   R: !!opencv-matrix
      rows: 3
      cols: 3
      dt: d
      data: [ -1.6248342912697414e-01, -1.8856359351001040e-02,
          9.8653108059055372e-01, -9.7995422338374416e-01,
          -1.1372463692414406e-01, -1.6357391915838695e-01,
          1.1527729755464636e-01, -9.9333335022463520e-01, 0. ]
   T: !!opencv-matrix
      rows: 3
      cols: 1
      dt: d
      data: [ -9.2221841216087341e-02, 7.9466670751571655e-01, 0. ]
   K: !!opencv-matrix
      rows: 3
      cols: 3
      dt: f
      data: [ 5.37318848e+02, 0., 44., 0., 5.37318848e+02, 29., 0., 0.,
          1. ]
   D: 3.4000039100646973e-02
   Ori_dist: 8.0000001192092896e-01
Template 18:
   ID: 18
   R: !!opencv-matrix
      rows: 3
      cols: 3
      dt: d
      data: [ -3.3018206261941252e-01, -3.8317948220682747e-02,
          9.4313919458823658e-01, -9.3685161588849697e-01,
          -1.0872253756999764e-01, -3.3239804396454048e-01,
          1.1527729755464634e-01, -9.9333335022463509e-01, 0. ]
   T: !!opencv-matrix
      rows: 3
      cols: 1
      dt: d
      data: [ -9.2221841216087341e-02, 7.9466670751571655e-01, 0. ]
   K: !!opencv-matrix
      rows: 3
      cols: 3
      dt: f
      data: [ 5.37318848e+02, 0., 45., 0., 5.37318848e+02,
          3.35000000e+01, 0., 0., 1. ]
   D: 3.4000039100646973e-02
   Ori_dist: 8.0000001192092896e-01
Template 19:
   ID: 19
   R: !!opencv-matrix
      rows: 3
      cols: 3
      dt: d
      data: [ -4.8784834135227945e-01, -5.6615272601981619e-02,
          8.7109052729784253e-01, -8.6528327182970977e-01,
          -1.0041696191234717e-01, -4.9112248294286714e-01,
          1.1527729755464634e-01, -9.9333335022463509e-01,
          6.9388939039072284e-18 ]
   T: !!opencv-matrix
      rows: 3
      cols: 1
      dt: d
      data: [ -9.2221841216087341e-02, 7.9466670751571655e-01, 0. ]
   K: !!opencv-matrix
      rows: 3
      cols: 3
      dt: f
      data: [ 5.37318848e+02, 0., 45., 0., 5.37318848e+02,
          3.75000000e+01, 0., 0., 1. ]
   D: 3.4000039100646973e-02
   Ori_dist: 8.0000001192092896e-01
Template 20:
   ID: 20
   R: !!opencv-matrix
      rows: 3
      cols: 3
      dt: d
      data: [ -6.3069172845090116e-01, -7.3192386049906785e-02,
          7.7257415067288926e-01, -7.6742366938485318e-01,
          -8.9060260250146850e-02, -6.3492454804650911e-01,
          1.1527729755464637e-01, -9.9333335022463531e-01, 0. ]
   T: !!opencv-matrix
      rows: 3
      cols: 1
      dt: d
      data: [ -9.2221841216087341e-02, 7.9466670751571655e-01, 0. ]
   K: !!opencv-matrix
      rows: 3
      cols: 3
      dt: f
      data: [ 5.37318848e+02, 0., 44., 0., 5.37318848e+02, 41., 0., 0.,
          1. ]
   D: 3.4000039100646973e-02
   Ori_dist: 8.0000001192092896e-01
Template 21:
   ID: 21
   R: !!opencv-matrix
      rows: 3
      cols: 3
      dt: d
      data: [ -7.5437175819296698e-01, -8.7545573312691624e-02,
          6.5058360187926956e-01, -6.4624638885594499e-01,
          -7.4997519458010128e-02, -7.5943464298502750e-01,
          1.1527729755464636e-01, -9.9333335022463509e-01,
          6.9388939039072284e-18 ]
   T: !!opencv-matrix
      rows: 3
      cols: 1
      dt: d
      data: [ -9.2221841216087341e-02, 7.9466670751571655e-01, 0. ]
   K: !!opencv-matrix
      rows: 3
      cols: 3
      dt: f
      data: [ 5.37318848e+02, 0., 41., 0., 5.37318848e+02,
          4.35000000e+01, 0., 0., 1. ]
   D: 3.4000039100646973e-02
   Ori_dist: 8.0000001192092896e-01
Template 22:
   ID: 22
   R: !!opencv-matrix
      rows: 3
      cols: 3
      dt: d
      data: [ -8.5513068803004455e-01, -9.9238744727393274e-02,
          5.0882529215261485e-01, -5.0543313213298569e-01,
          -5.8656004606806839e-02, -8.6086980552567072e-01,
          1.1527729755464634e-01, -9.9333335022463509e-01,
          -6.9388939039072284e-18 ]
   T: !!opencv-matrix
      rows: 3
      cols: 1
      dt: d
      data: [ -9.2221841216087341e-02, 7.9466670751571655e-01, 0. ]
   K: !!opencv-matrix
      rows: 3
      cols: 3
      dt: f
      data: [ 5.37318848e+02, 0., 3.75000000e+01, 0., 5.37318848e+02,
          45., 0., 0., 1. ]
   D: 3.4000039100646973e-02
   Ori_dist: 8.0000001192092896e-01
Template 23:
   ID: 23
   R: !!opencv-matrix
      rows: 3
      cols: 3
      dt: d
      data: [ -9.2990691772280731e-01, -1.0791659862040698e-01,
          3.5160650180773101e-01, -3.4926246440143771e-01,
          -4.0532247331038114e-02, -9.3614788782891045e-01,
          1.1527729755464636e-01, -9.9333335022463509e-01, 0. ]
   T: !!opencv-matrix
      rows: 3
      cols: 1
      dt: d
      data: [ -9.2221841216087341e-02, 7.9466670751571655e-01, 0. ]
   K: !!opencv-matrix
      rows: 3
      cols: 3
      dt: f
      data: [ 5.37318848e+02, 0., 34., 0., 5.37318848e+02, 45., 0., 0.,
          1. ]
   D: 3.4000039100646973e-02
   Ori_dist: 8.0000001192092896e-01
Template 24:
   ID: 24
   R: !!opencv-matrix
      rows: 3
      cols: 3
      dt: d
      data: [ -9.7642834894834862e-01, -1.1331545578033417e-01,
          1.8370434630486268e-01, -1.8247965376583580e-01,
          -2.1176940591067450e-02, -9.8298154262870208e-01,
          1.1527729755464633e-01, -9.9333335022463509e-01, 0. ]
   T: !!opencv-matrix
      rows: 3
      cols: 1
      dt: d
      data: [ -9.2221841216087341e-02, 7.9466670751571655e-01, 0. ]
   K: !!opencv-matrix
      rows: 3
      cols: 3
      dt: f
      data: [ 5.37318848e+02, 0., 2.95000000e+01, 0., 5.37318848e+02,
          44., 0., 0., 1. ]
   D: 3.4000039100646973e-02
   Ori_dist: 8.0000001192092896e-01
Template 25:
   ID: 25
   R: !!opencv-matrix
      rows: 3
      cols: 3
      dt: d
      data: [ -9.9328146881349266e-01, -1.1527127666662475e-01,
          1.0220395655612309e-02, -1.0152259857210679e-02,
          -1.1781795911182348e-03, -9.9994777039235538e-01,
          1.1527729755464636e-01, -9.9333335022463520e-01, 0. ]
   T: !!opencv-matrix
      rows: 3
      cols: 1
      dt: d
      data: [ -9.2221841216087341e-02, 7.9466670751571655e-01, 0. ]
   K: !!opencv-matrix
      rows: 3
      cols: 3
      dt: f
      data: [ 5.37318848e+02, 0., 24., 0., 5.37318848e+02, 43., 0., 0.,
          1. ]
   D: 3.4000039100646973e-02
   Ori_dist: 8.0000001192092896e-01
Template 26:
   ID: 26
   R: !!opencv-matrix
      rows: 3
      cols: 3
      dt: d
      data: [ -9.7995419301005704e-01, -1.1372463339924822e-01,
          -1.6357410357454005e-01, 1.6248361231368932e-01,
          1.8856380609996795e-02, -9.8653105001301677e-01,
          1.1527729755464633e-01, -9.9333335022463498e-01,
          -3.4694469519536134e-18 ]
   T: !!opencv-matrix
      rows: 3
      cols: 1
      dt: d
      data: [ -9.2221841216087341e-02, 7.9466670751571655e-01, 0. ]
   K: !!opencv-matrix
      rows: 3
      cols: 3
      dt: f
      data: [ 5.37318848e+02, 0., 29., 0., 5.37318848e+02, 44., 0., 0.,
          1. ]
   D: 3.4000039100646973e-02
   Ori_dist: 8.0000001192092896e-01
Template 27:
   ID: 27
   R: !!opencv-matrix
      rows: 3
      cols: 3
      dt: d
      data: [ -9.3685147014960113e-01, -1.0872252065685759e-01,
          -3.3239846025598574e-01, 3.3018247613558849e-01,
          3.8317996209635545e-02, -9.4313904787122971e-01,
          1.1527729755464633e-01, -9.9333335022463509e-01, 0. ]
   T: !!opencv-matrix
      rows: 3
      cols: 1
      dt: d
      data: [ -9.2221841216087341e-02, 7.9466670751571655e-01, 0. ]
   K: !!opencv-matrix
      rows: 3
      cols: 3
      dt: f
      data: [ 5.37318848e+02, 0., 3.35000000e+01, 0., 5.37318848e+02,
          45., 0., 0., 1. ]
   D: 3.4000039100646973e-02
   Ori_dist: 8.0000001192092896e-01
Template 28:
   ID: 28
   R: !!opencv-matrix
      rows: 3
      cols: 3
      dt: d
      data: [ -8.6528296419857575e-01, -1.0041692621145605e-01,
          -4.9112303224138154e-01, 4.8784888698881301e-01,
          5.6615335923629911e-02, -8.7109021760207517e-01,
          1.1527729755464633e-01, -9.9333335022463509e-01,
          -6.9388939039072268e-18 ]
   T: !!opencv-matrix
      rows: 3
      cols: 1
      dt: d
      data: [ -9.2221841216087341e-02, 7.9466670751571655e-01, 0. ]
   K: !!opencv-matrix
      rows: 3
      cols: 3
      dt: f
      data: [ 5.37318848e+02, 0., 3.75000000e+01, 0., 5.37318848e+02,
          45., 0., 0., 1. ]
   D: 3.4000039100646973e-02
   Ori_dist: 8.0000001192092896e-01
Template 29:
   ID: 29
   R: !!opencv-matrix
      rows: 3
      cols: 3
      dt: d
      data: [ -7.6742329940965293e-01, -8.9060217314166454e-02,
          -6.3492500125223883e-01, 6.3069217863526694e-01,
          7.3192438294238521e-02, -7.7257377821464035e-01,
          1.1527729755464633e-01, -9.9333335022463498e-01, 0. ]
   T: !!opencv-matrix
      rows: 3
      cols: 1
      dt: d
      data: [ -9.2221841216087341e-02, 7.9466670751571655e-01, 0. ]
   K: !!opencv-matrix
      rows: 3
      cols: 3
      dt: f
      data: [ 5.37318848e+02, 0., 41., 0., 5.37318848e+02,
          4.35000000e+01, 0., 0., 1. ]
   D: 3.4000039100646973e-02
   Ori_dist: 8.0000001192092896e-01
Template 30:
   ID: 30
   R: !!opencv-matrix
      rows: 3
      cols: 3
      dt: d
      data: [ -6.4624585833463621e-01, -7.4997457890498317e-02,
          -7.5943510051570040e-01, 7.5437221267344345e-01,
          8.7545626055591172e-02, -6.5058306779742425e-01,
          1.1527729755464634e-01, -9.9333335022463509e-01, 0. ]
   T: !!opencv-matrix
      rows: 3
      cols: 1
      dt: d
      data: [ -9.2221841216087341e-02, 7.9466670751571655e-01, 0. ]
   K: !!opencv-matrix
      rows: 3
      cols: 3
      dt: f
      data: [ 5.37318848e+02, 0., 4.35000000e+01, 0., 5.37318848e+02,
          41., 0., 0., 1. ]
   D: 3.4000039100646973e-02
   Ori_dist: 8.0000001192092896e-01
Template 31:
   ID: 31
   R: !!opencv-matrix
      rows: 3
      cols: 3
      dt: d
      data: [ -5.0543253747562000e-01, -5.8655935596243505e-02,
          -8.6087015936219169e-01, 8.5513103950766134e-01,
          9.9238785516711184e-02, -5.0882469350427040e-01,
          1.1527729755464633e-01, -9.9333335022463509e-01,
          6.9388939039072284e-18 ]
   T: !!opencv-matrix
      rows: 3
      cols: 1
      dt: d
      data: [ -9.2221841216087341e-02, 7.9466670751571655e-01, 0. ]
   K: !!opencv-matrix
      rows: 3
      cols: 3
      dt: f
      data: [ 5.37318848e+02, 0., 45., 0., 5.37318848e+02,
          3.75000000e+01, 0., 0., 1. ]
   D: 3.4000039100646973e-02
   Ori_dist: 8.0000001192092896e-01
Template 32:
   ID: 32
   R: !!opencv-matrix
      rows: 3
      cols: 3
      dt: d
      data: [ -3.4926206892863482e-01, -4.0532201436036232e-02,
          -9.3614803736077878e-01, 9.2990706625779918e-01,
          1.0791661585803666e-01, -3.5160610368075507e-01,
          1.1527729755464634e-01, -9.9333335022463509e-01, 0. ]
   T: !!opencv-matrix
      rows: 3
      cols: 1
      dt: d
      data: [ -9.2221841216087341e-02, 7.9466670751571655e-01, 0. ]
   K: !!opencv-matrix
      rows: 3
      cols: 3
      dt: f
      data: [ 5.37318848e+02, 0., 45., 0., 5.37318848e+02, 34., 0., 0.,
          1. ]
   D: 3.4000039100646973e-02
   Ori_dist: 8.0000001192092896e-01
Template 33:
   ID: 33
   R: !!opencv-matrix
      rows: 3
      cols: 3
      dt: d
      data: [ -1.8247948554199947e-01, -2.1176921068528282e-02,
          -9.8298157427816746e-01, 9.7642838038681801e-01,
          1.1331545942879899e-01, -1.8370417695201019e-01,
          1.1527729755464633e-01, -9.9333335022463509e-01,
          3.4694469519536134e-18 ]
   T: !!opencv-matrix
      rows: 3
      cols: 1
      dt: d
      data: [ -9.2221841216087341e-02, 7.9466670751571655e-01, 0. ]
   K: !!opencv-matrix
      rows: 3
      cols: 3
      dt: f
      data: [ 5.37318848e+02, 0., 44., 0., 5.37318848e+02, 29., 0., 0.,
          1. ]
   D: 3.4000039100646973e-02
   Ori_dist: 8.0000001192092896e-01
Template 34:
   ID: 34
   R: !!opencv-matrix
      rows: 3
      cols: 3
      dt: d
      data: [ 9.7445867145700726e-01, -1.1985629880782478e-01,
          1.8990725435942110e-01, -1.6999793338097222e-01,
          1.5885345829735803e-01, 9.7255656978561833e-01,
          -1.4673445494648824e-01, -9.8000002368523409e-01,
          1.3442080682877211e-01 ]
   T: !!opencv-matrix
      rows: 3
      cols: 1
      dt: d
      data: [ 8.8040679693222046e-02, 5.8800005912780762e-01,
          -8.0652490258216858e-02 ]
   K: !!opencv-matrix
      rows: 3
      cols: 3
      dt: f
      data: [ 5.37318848e+02, 0., 39., 0., 5.37318848e+02, 59., 0., 0.,
          1. ]
   D: 3.4000039100646973e-02
   Ori_dist: 6.0000002384185791e-01
Template 35:
   ID: 35
   R: !!opencv-matrix
      rows: 3
      cols: 3
      dt: d
      data: [ 9.3068262801596036e-01, -9.0739884335980639e-02,
          3.5439542787682532e-01, -3.3511019924923546e-01,
          1.7710512970446082e-01, 9.2538366496902436e-01,
          -1.4673445494648821e-01, -9.8000002368523376e-01,
          1.3442080682877208e-01 ]
   T: !!opencv-matrix
      rows: 3
      cols: 1
      dt: d
      data: [ 8.8040679693222046e-02, 5.8800005912780762e-01,
          -8.0652490258216858e-02 ]
   K: !!opencv-matrix
      rows: 3
      cols: 3
      dt: f
      data: [ 5.37318848e+02, 0., 45., 0., 5.37318848e+02, 60., 0., 0.,
          1. ]
   D: 3.4000039100646973e-02
   Ori_dist: 6.0000002384185791e-01
Template 36:
   ID: 36
   R: !!opencv-matrix
      rows: 3
      cols: 3
      dt: d
      data: [ 8.5894963336887631e-01, -5.8838661636196221e-02,
          5.0866839810659970e-01, -4.9058590182253503e-01,
          1.9009988288739754e-01, 8.5040431999088983e-01,
          -1.4673445494648821e-01, -9.8000002368523387e-01,
          1.3442080682877214e-01 ]
   T: !!opencv-matrix
      rows: 3
      cols: 1
      dt: d
      data: [ 8.8040679693222046e-02, 5.8800005912780762e-01,
          -8.0652490258216858e-02 ]
   K: !!opencv-matrix
      rows: 3
      cols: 3
      dt: f
      data: [ 5.37318848e+02, 0., 50., 0., 5.37318848e+02,
          5.95000000e+01, 0., 0., 1. ]
   D: 3.4000039100646973e-02
   Ori_dist: 6.0000002384185791e-01
Template 37:
   ID: 37
   R: !!opencv-matrix
      rows: 3
      cols: 3
      dt: d
      data: [ 7.6112426716938841e-01, -2.5063386150048175e-02,
          6.4812165262437826e-01, -6.3179019433465300e-01,
          1.9741271552672240e-01, 7.4957946215924742e-01,
          -1.4673445494648824e-01, -9.8000002368523398e-01,
          1.3442080682877214e-01 ]
   T: !!opencv-matrix
      rows: 3
      cols: 1
      dt: d
      data: [ 8.8040679693222046e-02, 5.8800005912780762e-01,
          -8.0652490258216858e-02 ]
   K: !!opencv-matrix
      rows: 3
      cols: 3
      dt: f
      data: [ 5.37318848e+02, 0., 5.45000000e+01, 0., 5.37318848e+02,
          5.75000000e+01, 0., 0., 1. ]
   D: 3.4000039100646973e-02
   Ori_dist: 6.0000002384185791e-01
Template 38:
   ID: 38
   R: !!opencv-matrix
      rows: 3
      cols: 3
      dt: d
      data: [ 6.3985951771068406e-01, 9.5957244633824573e-03,
          7.6843198766518928e-01, -7.5435323113685138e-01,
          1.9876588150123725e-01, 6.2565431911274150e-01,
          -1.4673445494648818e-01, -9.8000002368523387e-01,
          1.3442080682877214e-01 ]
   T: !!opencv-matrix
      rows: 3
      cols: 1
      dt: d
      data: [ 8.8040679693222046e-02, 5.8800005912780762e-01,
          -8.0652490258216858e-02 ]
   K: !!opencv-matrix
      rows: 3
      cols: 3
      dt: f
      data: [ 5.37318848e+02, 0., 5.75000000e+01, 0., 5.37318848e+02,
          5.35000000e+01, 0., 0., 1. ]
   D: 3.4000039100646973e-02
   Ori_dist: 6.0000002384185791e-01
Template 39:
   ID: 39
   R: !!opencv-matrix
      rows: 3
      cols: 3
      dt: d
      data: [ 4.9860112981496940e-01, 4.4089196474104420e-02,
          8.6570956798542076e-01, -8.5432190249272733e-01,
          1.9405178775576601e-01, 4.8215971481449804e-01,
          -1.4673445494648821e-01, -9.8000002368523398e-01,
          1.3442080682877211e-01 ]
   T: !!opencv-matrix
      rows: 3
      cols: 1
      dt: d
      data: [ 8.8040679693222046e-02, 5.8800005912780762e-01,
          -8.0652490258216858e-02 ]
   K: !!opencv-matrix
      rows: 3
      cols: 3
      dt: f
      data: [ 5.37318848e+02, 0., 5.95000000e+01, 0., 5.37318848e+02,
          49., 0., 0., 1. ]
   D: 3.4000039100646973e-02
   Ori_dist: 6.0000002384185791e-01
Template 40:
   ID: 40
   R: !!opencv-matrix
      rows: 3
      cols: 3
      dt: d
      data: [ 3.4154901210720728e-01, 7.7338583351312259e-02,
          9.3667658017791955e-01, -9.2833898553284266e-01,
          1.8335402123256847e-01, 3.2336980508034296e-01,
          -1.4673445494648821e-01, -9.8000002368523376e-01,
          1.3442080682877211e-01 ]
   T: !!opencv-matrix
      rows: 3
      cols: 1
      dt: d
      data: [ 8.8040679693222046e-02, 5.8800005912780762e-01,
          -8.0652490258216858e-02 ]
   K: !!opencv-matrix
      rows: 3
      cols: 3
      dt: f
      data: [ 5.37318848e+02, 0., 60., 0., 5.37318848e+02, 44., 0., 0.,
          1. ]
   D: 3.4000039100646973e-02
   Ori_dist: 6.0000002384185791e-01
Template 41:
   ID: 41
   R: !!opencv-matrix
      rows: 3
      cols: 3
      dt: d
      data: [ 1.7355727001858545e-01, 1.0827696873205092e-01,
          9.7885339661559856e-01, -9.7383102936559429e-01,
          1.6696122789180581e-01, 1.5419816673880285e-01,
          -1.4673445494648821e-01, -9.8000002368523398e-01,
          1.3442080682877214e-01 ]
   T: !!opencv-matrix
      rows: 3
      cols: 1
      dt: d
      data: [ 8.8040679693222046e-02, 5.8800005912780762e-01,
          -8.0652490258216858e-02 ]
   K: !!opencv-matrix
      rows: 3
      cols: 3
      dt: f
      data: [ 5.37318848e+02, 0., 5.85000000e+01, 0., 5.37318848e+02,
          38., 0., 0., 1. ]
   D: 3.4000039100646973e-02
   Ori_dist: 6.0000002384185791e-01
Template 42:
   ID: 42
   R: !!opencv-matrix
      rows: 3
      cols: 3
      dt: d
      data: [ -3.3866738280468455e-05, 1.3589668674568142e-01,
          9.9072301345259461e-01, -9.8917591892676038e-01,
          1.4536864898762447e-01, -1.9973915662978216e-02,
          -1.4673445494648824e-01, -9.8000002368523398e-01,
          1.3442080682877211e-01 ]
   T: !!opencv-matrix
      rows: 3
      cols: 1
      dt: d
      data: [ 8.8040679693222046e-02, 5.8800005912780762e-01,
          -8.0652490258216858e-02 ]
   K: !!opencv-matrix
      rows: 3
      cols: 3
      dt: f
      data: [ 5.37318848e+02, 0., 5.75000000e+01, 0., 5.37318848e+02,
          3.25000000e+01, 0., 0., 1. ]
   D: 3.4000039100646973e-02
   Ori_dist: 6.0000002384185791e-01
Template 43:
   ID: 43
   R: !!opencv-matrix
      rows: 3
      cols: 3
      dt: d
      data: [ -1.7362395681115139e-01, 1.5929849566615889e-01,
          9.7184294559344198e-01, -9.7381914201395547e-01,
          1.1926417255588447e-01, -1.9352605972262177e-01,
          -1.4673445494648818e-01, -9.8000002368523376e-01,
          1.3442080682877208e-01 ]
   T: !!opencv-matrix
      rows: 3
      cols: 1
      dt: d
      data: [ 8.8040679693222046e-02, 5.8800005912780762e-01,
          -8.0652490258216858e-02 ]
   K: !!opencv-matrix
      rows: 3
      cols: 3
      dt: f
      data: [ 5.37318848e+02, 0., 59., 0., 5.37318848e+02,
          3.95000000e+01, 0., 0., 1. ]
   D: 3.4000039100646973e-02
   Ori_dist: 6.0000002384185791e-01
Template 44:
   ID: 44
   R: !!opencv-matrix
      rows: 3
      cols: 3
      dt: d
      data: [ -3.4161257896042801e-01, 1.7773556596611750e-01,
          9.2288185294040170e-01, -9.2831559591960011e-01,
          8.9498727184496585e-02, -3.6086026686903711e-01,
          -1.4673445494648824e-01, -9.8000002368523398e-01,
          1.3442080682877211e-01 ]
   T: !!opencv-matrix
      rows: 3
      cols: 1
      dt: d
      data: [ 8.8040679693222046e-02, 5.8800005912780762e-01,
          -8.0652490258216858e-02 ]
   K: !!opencv-matrix
      rows: 3
      cols: 3
      dt: f
      data: [ 5.37318848e+02, 0., 60., 0., 5.37318848e+02, 45., 0., 0.,
          1. ]
   D: 3.4000039100646973e-02
   Ori_dist: 6.0000002384185791e-01
Template 45:
   ID: 45
   R: !!opencv-matrix
      rows: 3
      cols: 3
      dt: d
      data: [ -4.9865962985326029e-01, 1.9064598824767354e-01,
          8.4557239827212749e-01, -8.5428775789318578e-01,
          5.7044375200443365e-02, -5.1666078424032202e-01,
          -1.4673445494648818e-01, -9.8000002368523376e-01,
          1.3442080682877208e-01 ]
   T: !!opencv-matrix
      rows: 3
      cols: 1
      dt: d
      data: [ 8.8040679693222046e-02, 5.8800005912780762e-01,
          -8.0652490258216858e-02 ]
   K: !!opencv-matrix
      rows: 3
      cols: 3
      dt: f
      data: [ 5.37318848e+02, 0., 5.95000000e+01, 0., 5.37318848e+02,
          50., 0., 0., 1. ]
   D: 3.4000039100646973e-02
   Ori_dist: 6.0000002384185791e-01
Template 46:
   ID: 46
   R: !!opencv-matrix
      rows: 3
      cols: 3
      dt: d
      data: [ -6.3991114672930460e-01, 1.9766999078900360e-01,
          7.4259026322263422e-01, -7.5430943519429938e-01,
          2.2946204880464543e-02, -6.5611793730886558e-01,
          -1.4673445494648824e-01, -9.8000002368523376e-01,
          1.3442080682877211e-01 ]
   T: !!opencv-matrix
      rows: 3
      cols: 1
      dt: d
      data: [ 8.8040679693222046e-02, 5.8800005912780762e-01,
          -8.0652490258216858e-02 ]
   K: !!opencv-matrix
      rows: 3
      cols: 3
      dt: f
      data: [ 5.37318848e+02, 0., 5.75000000e+01, 0., 5.37318848e+02,
          5.45000000e+01, 0., 0., 1. ]
   D: 3.4000039100646973e-02
   Ori_dist: 6.0000002384185791e-01
Template 47:
   ID: 47
   R: !!opencv-matrix
      rows: 3
      cols: 3
      dt: d
      data: [ -7.6116752143955968e-01, 1.9865162485152635e-01,
          6.1738281175410592e-01, -6.3173808183226887e-01,
          -1.1725421987693246e-02, -7.7509322693602223e-01,
          -1.4673445494648818e-01, -9.8000002368523376e-01,
          1.3442080682877211e-01 ]
   T: !!opencv-matrix
      rows: 3
      cols: 1
      dt: d
      data: [ 8.8040679693222046e-02, 5.8800005912780762e-01,
          -8.0652490258216858e-02 ]
   K: !!opencv-matrix
      rows: 3
      cols: 3
      dt: f
      data: [ 5.37318848e+02, 0., 5.35000000e+01, 0., 5.37318848e+02,
          58., 0., 0., 1. ]
   D: 3.4000039100646973e-02
   Ori_dist: 6.0000002384185791e-01
Template 48:
   ID: 48
   R: !!opencv-matrix
      rows: 3
      cols: 3
      dt: d
      data: [ -8.5898321979277270e-01, 1.9362763293403978e-01,
          4.7397907957925905e-01, -4.9052709185731819e-01,
          -4.5916155558820261e-02, -8.7021542092329074e-01,
          -1.4673445494648824e-01, -9.8000002368523387e-01,
          1.3442080682877211e-01 ]
   T: !!opencv-matrix
      rows: 3
      cols: 1
      dt: d
      data: [ 8.8040679693222046e-02, 5.8800005912780762e-01,
          -8.0652490258216858e-02 ]
   K: !!opencv-matrix
      rows: 3
      cols: 3
      dt: f
      data: [ 5.37318848e+02, 0., 49., 0., 5.37318848e+02,
          5.95000000e+01, 0., 0., 1. ]
   D: 3.4000039100646973e-02
   Ori_dist: 6.0000002384185791e-01
Template 49:
   ID: 49
   R: !!opencv-matrix
      rows: 3
      cols: 3
      dt: d
      data: [ -9.3070556740308330e-01, 1.8280851480515778e-01,
          3.1680939651411366e-01, -3.3504648414281490e-01,
          -7.8619339170928268e-02, -9.3891578587851254e-01,
          -1.4673445494648826e-01, -9.8000002368523387e-01,
          1.3442080682877211e-01 ]
   T: !!opencv-matrix
      rows: 3
      cols: 1
      dt: d
      data: [ 8.8040679693222046e-02, 5.8800005912780762e-01,
          -8.0652490258216858e-02 ]
   K: !!opencv-matrix
      rows: 3
      cols: 3
      dt: f
      data: [ 5.37318848e+02, 0., 44., 0., 5.37318848e+02, 60., 0., 0.,
          1. ]
   D: 3.4000039100646973e-02
   Ori_dist: 6.0000002384185791e-01
Template 50:
   ID: 50
   R: !!opencv-matrix
      rows: 3
      cols: 3
      dt: d
      data: [ -9.7447030840306270e-01, 1.6655703615295819e-01,
          1.5055355109987306e-01, -1.6993121482646123e-01,
          -1.0889769182532394e-01, -9.7942058123296538e-01,
          -1.4673445494648824e-01, -9.8000002368523398e-01,
          1.3442080682877214e-01 ]
   T: !!opencv-matrix
      rows: 3
      cols: 1
      dt: d
      data: [ 8.8040679693222046e-02, 5.8800005912780762e-01,
          -8.0652490258216858e-02 ]
   K: !!opencv-matrix
      rows: 3
      cols: 3
      dt: f
      data: [ 5.37318848e+02, 0., 38., 0., 5.37318848e+02,
          5.85000000e+01, 0., 0., 1. ]
   D: 3.4000039100646973e-02
   Ori_dist: 6.0000002384185791e-01
Template 51:
   ID: 51
   R: !!opencv-matrix
      rows: 3
      cols: 3
      dt: d
      data: [ 9.7445866873062081e-01, -1.1985630254775680e-01,
          1.8990726598876223e-01, -1.6999794325528436e-01,
          1.5885346644772108e-01, 9.7255656672839119e-01,
          -1.4673446161253001e-01, -9.8000002190669533e-01,
          1.3442081251858889e-01 ]
   T: !!opencv-matrix
      rows: 3
      cols: 1
      dt: d
      data: [ 1.4673446118831635e-01, 9.8000001907348633e-01,
          -1.3442081212997437e-01 ]
   K: !!opencv-matrix
      rows: 3
      cols: 3
      dt: f
      data: [ 5.37318848e+02, 0., 24., 0., 5.37318848e+02, 36., 0., 0.,
          1. ]
   D: 3.3999979496002197e-02
   Ori_dist: 1.
Template 52:
   ID: 52
   R: !!opencv-matrix
      rows: 3
      cols: 3
      dt: d
      data: [ 9.3068262036338789e-01, -9.0739884890793446e-02,
          3.5439544783129456e-01, -3.3511021758343812e-01,
          1.7710513926163249e-01, 9.2538365650053434e-01,
          -1.4673446161253004e-01, -9.8000002190669555e-01,
          1.3442081251858892e-01 ]
   T: !!opencv-matrix
      rows: 3
      cols: 1
      dt: d
      data: [ 1.4673446118831635e-01, 9.8000001907348633e-01,
          -1.3442081212997437e-01 ]
   K: !!opencv-matrix
      rows: 3
      cols: 3
      dt: f
      data: [ 5.37318848e+02, 0., 2.75000000e+01, 0., 5.37318848e+02,
          36., 0., 0., 1. ]
   D: 3.3999979496002197e-02
   Ori_dist: 1.
Template 53:
   ID: 53
   R: !!opencv-matrix
      rows: 3
      cols: 3
      dt: d
      data: [ 8.5894961812973425e-01, -5.8838658775532196e-02,
          5.0866842417067737e-01, -4.9058592651039701e-01,
          1.9009989294150892e-01, 8.5040430350131824e-01,
          -1.4673446161253001e-01, -9.8000002190669533e-01,
          1.3442081251858889e-01 ]
   T: !!opencv-matrix
      rows: 3
      cols: 1
      dt: d
      data: [ 1.4673446118831635e-01, 9.8000001907348633e-01,
          -1.3442081212997437e-01 ]
   K: !!opencv-matrix
      rows: 3
      cols: 3
      dt: f
      data: [ 5.37318848e+02, 0., 3.05000000e+01, 0., 5.37318848e+02,
          36., 0., 0., 1. ]
   D: 3.3999979496002197e-02
   Ori_dist: 1.
Template 54:
   ID: 54
   R: !!opencv-matrix
      rows: 3
      cols: 3
      dt: d
      data: [ 7.6112424252908539e-01, -2.5063379918348797e-02,
          6.4812168180180085e-01, -6.3179022247088246e-01,
          1.9741272514694988e-01, 7.4957943591072962e-01,
          -1.4673446161253001e-01, -9.8000002190669533e-01,
          1.3442081251858892e-01 ]
   T: !!opencv-matrix
      rows: 3
      cols: 1
      dt: d
      data: [ 1.4673446118831635e-01, 9.8000001907348633e-01,
          -1.3442081212997437e-01 ]
   K: !!opencv-matrix
      rows: 3
      cols: 3
      dt: f
      data: [ 5.37318848e+02, 0., 33., 0., 5.37318848e+02,
          3.45000000e+01, 0., 0., 1. ]
   D: 3.3999979496002197e-02
   Ori_dist: 1.
Template 55:
   ID: 55
   R: !!opencv-matrix
      rows: 3
      cols: 3
      dt: d
      data: [ 6.3985948300123063e-01, 9.5957337353256410e-03,
          7.6843201645134385e-01, -7.5435325928153751e-01,
          1.9876588982256838e-01, 6.2565428253498256e-01,
          -1.4673446161253004e-01, -9.8000002190669533e-01,
          1.3442081251858889e-01 ]
   T: !!opencv-matrix
      rows: 3
      cols: 1
      dt: d
      data: [ 1.4673446118831635e-01, 9.8000001907348633e-01,
          -1.3442081212997437e-01 ]
   K: !!opencv-matrix
      rows: 3
      cols: 3
      dt: f
      data: [ 5.37318848e+02, 0., 35., 0., 5.37318848e+02,
          3.25000000e+01, 0., 0., 1. ]
